   2.241  -0.224   4.623
  -2.647  -3.569   4.210   1.221  -2.423
   1.171  -1.778
   1.384
   3.446   2.886  -1.038
   0.912  -0.090  -3.578
   1.808  -0.398
   4.541
   0.140   2.876   0.833   1.141   2.512
  -3.059   2.516   4.276   0.122   1.477
   0.338   1.825   0.576
   2.334
   4.283
  -2.591  -3.730  -4.093  -2.198   1.170
   2.598   0.137
   1.806   1.610  -0.713  -2.637  -0.544
   5.198   1.441   2.551
  -1.332   0.611   4.089   4.319
  -3.697
  -3.016  -0.868  -2.562  -3.221  -3.536
   3.824  -0.144  -0.686
   4.335   1.208   1.602
   2.216  -3.525
   2.113   3.983
  -1.983
   5.584   4.850   4.634   1.747
  -2.879   2.114  -3.512
   4.697   3.165  -2.593   0.762
   0.309  -0.033   0.306  -2.525   4.680
  -3.619   4.590  -3.181  -1.952
   2.208   0.634  -0.913  -2.402  -0.353
  -2.891   5.609
   1.222
   0.555   3.477   1.388   3.447
   1.036  -1.987  -0.928
   0.222
   0.150  -1.999  -2.452
   5.785   2.592   0.099   1.318  -2.610
  -3.950  -2.315   0.203
  -2.534  -1.331  -3.444  -0.822  -3.051
  -0.532   4.902  -1.973
